2503.16057
2503.15851
2503.16031
2503.14487
2503.07906
2503.16365
2503.09949
2503.16278
2503.16356
2503.16429
2503.13834
2503.16188
2503.15855
2503.16219
2503.16375
2503.16302
2503.16420
2503.13657
2503.16322
2503.15567
2503.16428
2503.16257
2503.15242
2503.16194
2503.15558
2503.16421
2503.16091
2503.11509
2503.16425
2503.16397
2503.14237
2503.16416
2503.15299
2503.16413
2503.14201
2503.16055
2503.15451
2503.16422
2503.16418
2503.16252
2503.16419
2503.12689
2503.13891
2503.16212
2503.13356
2503.13358
2503.10625
2503.15672